{
  "nbformat": 4,
  "nbformat_minor": 0,
  "metadata": {
    "colab": {
      "name": "US GDP Model.ipynb",
      "provenance": [],
      "toc_visible": true,
      "authorship_tag": "ABX9TyPTwvma9wVrfD2vdNwzpYT9",
      "include_colab_link": true
    },
    "kernelspec": {
      "name": "python3",
      "display_name": "Python 3"
    }
  },
  "cells": [
    {
      "cell_type": "markdown",
      "metadata": {
        "id": "view-in-github",
        "colab_type": "text"
      },
      "source": [
        "<a href=\"https://colab.research.google.com/github/roysaurav/US-GDP-Model/blob/main/US_GDP_Model.ipynb\" target=\"_parent\"><img src=\"https://colab.research.google.com/assets/colab-badge.svg\" alt=\"Open In Colab\"/></a>"
      ]
    },
    {
      "cell_type": "markdown",
      "metadata": {
        "id": "Y6aw56imMDSC"
      },
      "source": [
        "\n",
        "\n",
        "# **Setup**\n",
        "\n",
        "\n"
      ]
    },
    {
      "cell_type": "code",
      "metadata": {
        "colab": {
          "base_uri": "https://localhost:8080/"
        },
        "id": "sY6pNvF-zKZW",
        "outputId": "2fbcd26e-f49c-4008-e545-eb23b0b06170"
      },
      "source": [
        "!pip install plotly==4.8"
      ],
      "execution_count": null,
      "outputs": [
        {
          "output_type": "stream",
          "text": [
            "Collecting plotly==4.8\n",
            "\u001b[?25l  Downloading https://files.pythonhosted.org/packages/4e/ea/da824c4b016629ea21c667bcc7999359d08e4bc5a06aeee31c61a3785573/plotly-4.8.0-py2.py3-none-any.whl (11.5MB)\n",
            "\u001b[K     |████████████████████████████████| 11.5MB 266kB/s \n",
            "\u001b[?25hRequirement already satisfied: six in /usr/local/lib/python3.7/dist-packages (from plotly==4.8) (1.15.0)\n",
            "Requirement already satisfied: retrying>=1.3.3 in /usr/local/lib/python3.7/dist-packages (from plotly==4.8) (1.3.3)\n",
            "Installing collected packages: plotly\n",
            "  Found existing installation: plotly 4.4.1\n",
            "    Uninstalling plotly-4.4.1:\n",
            "      Successfully uninstalled plotly-4.4.1\n",
            "Successfully installed plotly-4.8.0\n"
          ],
          "name": "stdout"
        }
      ]
    },
    {
      "cell_type": "code",
      "metadata": {
        "id": "d3vYtg4sR-oK"
      },
      "source": [
        "Forward_Looking_Months = 1 #@param {type:\"integer\"}\n",
        "# Change training end date for out of sample test\n",
        "model_training_start_date = '2015-01-01' #@param {type:\"date\"}\n",
        "model_training_end_date = '2020-12-31' #@param {type:\"date\"}\n",
        "model_testing_start_date = '2020-01-01' #@param {type:\"date\"}\n",
        "model_testing_end_date = '2020-12-31' #@param {type:\"date\"}"
      ],
      "execution_count": null,
      "outputs": []
    },
    {
      "cell_type": "code",
      "metadata": {
        "colab": {
          "base_uri": "https://localhost:8080/",
          "height": 37
        },
        "id": "yvgcXZXfM5sD",
        "outputId": "74ecde07-9ff8-46ff-fe44-82b57fae5888"
      },
      "source": [
        "'''\n",
        "from google.colab import drive\n",
        "drive.mount(\"/content/drive\")\n",
        "'''"
      ],
      "execution_count": null,
      "outputs": [
        {
          "output_type": "execute_result",
          "data": {
            "application/vnd.google.colaboratory.intrinsic+json": {
              "type": "string"
            },
            "text/plain": [
              "'\\nfrom google.colab import drive\\ndrive.mount(\"/content/drive\")\\n'"
            ]
          },
          "metadata": {
            "tags": []
          },
          "execution_count": 3
        }
      ]
    },
    {
      "cell_type": "code",
      "metadata": {
        "id": "QrRsRbh7M_x9",
        "colab": {
          "base_uri": "https://localhost:8080/"
        },
        "outputId": "92af3f34-eee4-49a8-f3a9-bacc140c9026"
      },
      "source": [
        "import pandas as pd\n",
        "import seaborn as sns\n",
        "import statsmodels.api as sm\n",
        "import plotly.express as px\n",
        "from sklearn.metrics import mean_squared_error, r2_score"
      ],
      "execution_count": null,
      "outputs": [
        {
          "output_type": "stream",
          "text": [
            "/usr/local/lib/python3.7/dist-packages/statsmodels/tools/_testing.py:19: FutureWarning: pandas.util.testing is deprecated. Use the functions in the public API at pandas.testing instead.\n",
            "  import pandas.util.testing as tm\n"
          ],
          "name": "stderr"
        }
      ]
    },
    {
      "cell_type": "code",
      "metadata": {
        "colab": {
          "base_uri": "https://localhost:8080/",
          "height": 408
        },
        "id": "BOqVBuEeNGHk",
        "outputId": "5ef1266b-0d02-4ce0-b8d2-ed5538b70c28"
      },
      "source": [
        "#@title Data Prep\n",
        "dep_var = \"US Nominal GDP\"\t\n",
        "path = \"/content/drive/MyDrive/CI Global/Project.xlsx\"\n",
        "path  = \"https://drive.google.com/uc?export=download&id=16hS_2LyULBmsjLd8cCLkRJ-2WJA1U082\"\n",
        "df = pd.read_excel(path, sheet_name=\"US GDP Data\", skiprows=1).set_index(\"Date\").sort_index().dropna()\n",
        "df[dep_var] = df[dep_var].shift(-Forward_Looking_Months)\n",
        "df.head()"
      ],
      "execution_count": null,
      "outputs": [
        {
          "output_type": "execute_result",
          "data": {
            "text/html": [
              "<div>\n",
              "<style scoped>\n",
              "    .dataframe tbody tr th:only-of-type {\n",
              "        vertical-align: middle;\n",
              "    }\n",
              "\n",
              "    .dataframe tbody tr th {\n",
              "        vertical-align: top;\n",
              "    }\n",
              "\n",
              "    .dataframe thead th {\n",
              "        text-align: right;\n",
              "    }\n",
              "</style>\n",
              "<table border=\"1\" class=\"dataframe\">\n",
              "  <thead>\n",
              "    <tr style=\"text-align: right;\">\n",
              "      <th></th>\n",
              "      <th>US Nominal GDP</th>\n",
              "      <th>US Real GDP</th>\n",
              "      <th>Composite Index of Leading Indicators</th>\n",
              "      <th>Conference Board US Leading</th>\n",
              "      <th>PMI Output</th>\n",
              "      <th>PMI New Orders</th>\n",
              "      <th>US Manufacturing PMI stocks</th>\n",
              "      <th>US Service PMI Business activity</th>\n",
              "      <th>US Composite PMI</th>\n",
              "      <th>disposable income as % of saving</th>\n",
              "      <th>US Retail Sales</th>\n",
              "      <th>average hourly earning</th>\n",
              "      <th>Consumer Price Index (CPI)</th>\n",
              "      <th>OECD Employment</th>\n",
              "      <th>US Unemployment Rate</th>\n",
              "      <th>US Employees on Nonfarm Payrolls</th>\n",
              "      <th>US Initial Jobless Claims SA</th>\n",
              "      <th>New Privately Owned Housing Units</th>\n",
              "      <th>US Real GDP Quantity Residenti</th>\n",
              "    </tr>\n",
              "    <tr>\n",
              "      <th>Date</th>\n",
              "      <th></th>\n",
              "      <th></th>\n",
              "      <th></th>\n",
              "      <th></th>\n",
              "      <th></th>\n",
              "      <th></th>\n",
              "      <th></th>\n",
              "      <th></th>\n",
              "      <th></th>\n",
              "      <th></th>\n",
              "      <th></th>\n",
              "      <th></th>\n",
              "      <th></th>\n",
              "      <th></th>\n",
              "      <th></th>\n",
              "      <th></th>\n",
              "      <th></th>\n",
              "      <th></th>\n",
              "      <th></th>\n",
              "    </tr>\n",
              "  </thead>\n",
              "  <tbody>\n",
              "    <tr>\n",
              "      <th>2009-10-30</th>\n",
              "      <td>-2.8</td>\n",
              "      <td>-0.3</td>\n",
              "      <td>98.0037</td>\n",
              "      <td>-6.5</td>\n",
              "      <td>57.8</td>\n",
              "      <td>54.1</td>\n",
              "      <td>45.7</td>\n",
              "      <td>54.7</td>\n",
              "      <td>55.2</td>\n",
              "      <td>5.4</td>\n",
              "      <td>-3.2</td>\n",
              "      <td>2.5</td>\n",
              "      <td>-3.0</td>\n",
              "      <td>79.08</td>\n",
              "      <td>9.63</td>\n",
              "      <td>-199</td>\n",
              "      <td>522</td>\n",
              "      <td>534</td>\n",
              "      <td>92.143</td>\n",
              "    </tr>\n",
              "    <tr>\n",
              "      <th>2009-11-30</th>\n",
              "      <td>0.5</td>\n",
              "      <td>-0.3</td>\n",
              "      <td>98.4397</td>\n",
              "      <td>-2.8</td>\n",
              "      <td>58.5</td>\n",
              "      <td>59.1</td>\n",
              "      <td>47.7</td>\n",
              "      <td>55.4</td>\n",
              "      <td>55.9</td>\n",
              "      <td>5.9</td>\n",
              "      <td>1.5</td>\n",
              "      <td>2.2</td>\n",
              "      <td>-2.0</td>\n",
              "      <td>79.08</td>\n",
              "      <td>9.63</td>\n",
              "      <td>12</td>\n",
              "      <td>475</td>\n",
              "      <td>588</td>\n",
              "      <td>92.143</td>\n",
              "    </tr>\n",
              "    <tr>\n",
              "      <th>2009-12-31</th>\n",
              "      <td>0.5</td>\n",
              "      <td>-2.8</td>\n",
              "      <td>98.8393</td>\n",
              "      <td>1.3</td>\n",
              "      <td>58.3</td>\n",
              "      <td>58.4</td>\n",
              "      <td>45.5</td>\n",
              "      <td>57.5</td>\n",
              "      <td>57.7</td>\n",
              "      <td>5.9</td>\n",
              "      <td>4.2</td>\n",
              "      <td>1.9</td>\n",
              "      <td>-0.3</td>\n",
              "      <td>75.77</td>\n",
              "      <td>9.93</td>\n",
              "      <td>-269</td>\n",
              "      <td>468</td>\n",
              "      <td>581</td>\n",
              "      <td>91.952</td>\n",
              "    </tr>\n",
              "    <tr>\n",
              "      <th>2010-01-29</th>\n",
              "      <td>0.5</td>\n",
              "      <td>-2.8</td>\n",
              "      <td>99.1850</td>\n",
              "      <td>3.9</td>\n",
              "      <td>57.2</td>\n",
              "      <td>58.0</td>\n",
              "      <td>48.4</td>\n",
              "      <td>57.5</td>\n",
              "      <td>57.5</td>\n",
              "      <td>6.1</td>\n",
              "      <td>2.7</td>\n",
              "      <td>2.0</td>\n",
              "      <td>1.5</td>\n",
              "      <td>75.77</td>\n",
              "      <td>9.93</td>\n",
              "      <td>2</td>\n",
              "      <td>496</td>\n",
              "      <td>614</td>\n",
              "      <td>91.952</td>\n",
              "    </tr>\n",
              "    <tr>\n",
              "      <th>2010-02-26</th>\n",
              "      <td>2.3</td>\n",
              "      <td>-2.8</td>\n",
              "      <td>99.4448</td>\n",
              "      <td>5.4</td>\n",
              "      <td>57.9</td>\n",
              "      <td>57.5</td>\n",
              "      <td>50.3</td>\n",
              "      <td>59.1</td>\n",
              "      <td>58.9</td>\n",
              "      <td>5.8</td>\n",
              "      <td>3.3</td>\n",
              "      <td>2.1</td>\n",
              "      <td>2.4</td>\n",
              "      <td>75.77</td>\n",
              "      <td>9.93</td>\n",
              "      <td>-92</td>\n",
              "      <td>488</td>\n",
              "      <td>604</td>\n",
              "      <td>91.952</td>\n",
              "    </tr>\n",
              "  </tbody>\n",
              "</table>\n",
              "</div>"
            ],
            "text/plain": [
              "            US Nominal GDP  ...  US Real GDP Quantity Residenti\n",
              "Date                        ...                                \n",
              "2009-10-30            -2.8  ...                          92.143\n",
              "2009-11-30             0.5  ...                          92.143\n",
              "2009-12-31             0.5  ...                          91.952\n",
              "2010-01-29             0.5  ...                          91.952\n",
              "2010-02-26             2.3  ...                          91.952\n",
              "\n",
              "[5 rows x 19 columns]"
            ]
          },
          "metadata": {
            "tags": []
          },
          "execution_count": 5
        }
      ]
    },
    {
      "cell_type": "code",
      "metadata": {
        "id": "gz0bxVXWStw5"
      },
      "source": [
        "vars = list(df.columns)\n",
        "vars.remove(dep_var)"
      ],
      "execution_count": null,
      "outputs": []
    },
    {
      "cell_type": "markdown",
      "metadata": {
        "id": "Zz3vEnin8TlQ"
      },
      "source": [
        "# **Correlation**\n"
      ]
    },
    {
      "cell_type": "code",
      "metadata": {
        "colab": {
          "base_uri": "https://localhost:8080/",
          "height": 717
        },
        "id": "XUeGqQn1NUQj",
        "outputId": "fc541b38-dba3-4da2-d9c8-ebb35cecd469"
      },
      "source": [
        "#@title Full Series Correlations\n",
        "\n",
        "corr_ = df.loc[model_training_start_date:].corr()\n",
        "fig = px.imshow(corr_, x= df.columns, y=df.columns, color_continuous_scale=\"RdYlGn\", width=700, height=700)\n",
        "fig.show()\n",
        "#sns.heatmap(corr_)"
      ],
      "execution_count": null,
      "outputs": [
        {
          "output_type": "display_data",
          "data": {
            "text/html": [
              "<html>\n",
              "<head><meta charset=\"utf-8\" /></head>\n",
              "<body>\n",
              "    <div>\n",
              "            <script src=\"https://cdnjs.cloudflare.com/ajax/libs/mathjax/2.7.5/MathJax.js?config=TeX-AMS-MML_SVG\"></script><script type=\"text/javascript\">if (window.MathJax) {MathJax.Hub.Config({SVG: {font: \"STIX-Web\"}});}</script>\n",
              "                <script type=\"text/javascript\">window.PlotlyConfig = {MathJaxConfig: 'local'};</script>\n",
              "        <script src=\"https://cdn.plot.ly/plotly-latest.min.js\"></script>    \n",
              "            <div id=\"bd33d106-4b86-4750-90af-63470e4100a4\" class=\"plotly-graph-div\" style=\"height:700px; width:700px;\"></div>\n",
              "            <script type=\"text/javascript\">\n",
              "                \n",
              "                    window.PLOTLYENV=window.PLOTLYENV || {};\n",
              "                    \n",
              "                if (document.getElementById(\"bd33d106-4b86-4750-90af-63470e4100a4\")) {\n",
              "                    Plotly.newPlot(\n",
              "                        'bd33d106-4b86-4750-90af-63470e4100a4',\n",
              "                        [{\"coloraxis\": \"coloraxis\", \"hovertemplate\": \"x: %{x}<br>y: %{y}<br>color: %{z}<extra></extra>\", \"type\": \"heatmap\", \"x\": [\"US Nominal GDP\", \"US Real GDP\", \"Composite Index of Leading Indicators\", \"Conference Board US Leading\", \"PMI Output\", \"PMI New Orders\", \"US Manufacturing PMI stocks\", \"US Service PMI Business activity\", \"US Composite PMI\", \"disposable income as % of saving\", \"US Retail Sales\", \"average hourly earning\", \"Consumer Price Index (CPI)\", \"OECD Employment\", \"US Unemployment Rate\", \"US Employees on Nonfarm Payrolls\", \"US Initial Jobless Claims SA\", \"New Privately Owned Housing Units \", \"US Real GDP Quantity Residenti\"], \"y\": [\"US Nominal GDP\", \"US Real GDP\", \"Composite Index of Leading Indicators\", \"Conference Board US Leading\", \"PMI Output\", \"PMI New Orders\", \"US Manufacturing PMI stocks\", \"US Service PMI Business activity\", \"US Composite PMI\", \"disposable income as % of saving\", \"US Retail Sales\", \"average hourly earning\", \"Consumer Price Index (CPI)\", \"OECD Employment\", \"US Unemployment Rate\", \"US Employees on Nonfarm Payrolls\", \"US Initial Jobless Claims SA\", \"New Privately Owned Housing Units \", \"US Real GDP Quantity Residenti\"], \"z\": [[1.0, 0.00986380290181349, 0.7583535012510922, 0.7832205262937967, 0.5361877463845097, 0.5058582961822599, 0.611709299602001, 0.492817653367014, 0.5037476583657104, -0.6462720213074478, 0.32636029952825063, -0.5865934594223141, -0.3385176447502758, -0.3040744925386615, -0.6888309709711518, -0.16287833164713159, -0.3432035771270853, -0.09130905509654426, 0.04812465017270452], [0.00986380290181349, 1.0, -0.0826887710979427, -0.07705477379617408, -0.04302486268513954, -0.05956197764403101, -0.06838355604770448, -0.03779312846752076, -0.0381089357869173, -0.1616833286859877, -0.10086656442266068, -0.049244905353874366, -0.38719397836595587, -0.09259397686486562, -0.10957669158584597, 0.03716309810859311, -0.12994299551839866, -0.13436021074850027, -0.296892708748036], [0.7583535012510922, -0.0826887710979427, 1.0, 0.9666548378208285, 0.8855435073395204, 0.8743421074735689, 0.8401894981459295, 0.8508201857861298, 0.8647575596956267, -0.8766934067639891, 0.7592490947816385, -0.8568832237629745, -0.46851196356224883, -0.4214202277718321, -0.3519875208177294, 0.4271205552246999, -0.6017775284152337, 0.05496795140271273, -0.16623090011818273], [0.7832205262937967, -0.07705477379617408, 0.9666548378208285, 1.0, 0.8020043978562634, 0.793563597277074, 0.7422838423525053, 0.8043108886861945, 0.8118183598977328, -0.807072929690513, 0.6757418172047976, -0.7930245117749628, -0.3379135708902, -0.45531812082454515, -0.4181508701810284, 0.3298299368725477, -0.6614707969091105, -0.06704269742672563, -0.165341895373595], [0.5361877463845097, -0.04302486268513954, 0.8855435073395204, 0.8020043978562634, 1.0, 0.9741994295467338, 0.8437740200525344, 0.9175202565434843, 0.9414164777254816, -0.8205189675830261, 0.8144917582681918, -0.8128795218681765, -0.4917827793489873, -0.42353089892210044, -0.0054964608506715305, 0.5641796523788186, -0.6047951439531568, 0.14127155390898447, -0.3238807404361891], [0.5058582961822599, -0.05956197764403101, 0.8743421074735689, 0.793563597277074, 0.9741994295467338, 1.0, 0.8379089611646231, 0.9128742543173085, 0.9330859372676192, -0.8070459707593208, 0.8449335106733601, -0.7766368491032695, -0.49021936184182696, -0.37222441750258134, 0.02047354402236177, 0.5974213352108899, -0.6201050560116966, 0.18709678121714896, -0.2570628685248151], [0.611709299602001, -0.06838355604770448, 0.8401894981459295, 0.7422838423525053, 0.8437740200525344, 0.8379089611646231, 1.0, 0.819388242534224, 0.8316279105142785, -0.8202844142463558, 0.7524510215384499, -0.7976216648814219, -0.5568802158358143, -0.35142170535975426, -0.10009076956007155, 0.40380083448183957, -0.5049630122103228, 0.16165141355656318, -0.20015008299539114], [0.492817653367014, -0.03779312846752076, 0.8508201857861298, 0.8043108886861945, 0.9175202565434843, 0.9128742543173085, 0.819388242534224, 1.0, 0.9978433825272324, -0.7887361977363609, 0.8413167300504178, -0.7648214375269836, -0.43005672801561995, -0.4329798676834051, 0.027688534317323075, 0.6139935484104011, -0.7278446204163898, 0.07832947062595601, -0.3635934782699323], [0.5037476583657104, -0.0381089357869173, 0.8647575596956267, 0.8118183598977328, 0.9414164777254816, 0.9330859372676192, 0.8316279105142785, 0.9978433825272324, 1.0, -0.8021452055874446, 0.8465889159573862, -0.7801271338367328, -0.44472773676212285, -0.435375158205535, 0.023887429459793507, 0.6142460169725669, -0.7163114745529038, 0.0890456526415652, -0.3620466028466137], [-0.6462720213074478, -0.1616833286859877, -0.8766934067639891, -0.807072929690513, -0.8205189675830261, -0.8070459707593208, -0.8202844142463558, -0.7887361977363609, -0.8021452055874446, 1.0, -0.778178177766055, 0.9190159592770667, 0.806102467748605, 0.46381386656898455, 0.37132537481377326, -0.5335772983670871, 0.6292088474455413, -0.12235467545683397, 0.21135914128520905], [0.32636029952825063, -0.10086656442266068, 0.7592490947816385, 0.6757418172047976, 0.8144917582681918, 0.8449335106733601, 0.7524510215384499, 0.8413167300504178, 0.8465889159573862, -0.778178177766055, 1.0, -0.6671739285181016, -0.5076435435687126, -0.14918157309062696, 0.03055351742713106, 0.7636622787346887, -0.7062708799190637, 0.408620031794291, -0.08042211824266746], [-0.5865934594223141, -0.049244905353874366, -0.8568832237629745, -0.7930245117749628, -0.8128795218681765, -0.7766368491032695, -0.7976216648814219, -0.7648214375269836, -0.7801271338367328, 0.9190159592770667, -0.6671739285181016, 1.0, 0.6874556415695534, 0.6897741648032442, 0.25538837727209274, -0.473392487205389, 0.5293320904224869, 0.050044578305527276, 0.40499767502431333], [-0.3385176447502758, -0.38719397836595587, -0.46851196356224883, -0.3379135708902, -0.4917827793489873, -0.49021936184182696, -0.5568802158358143, -0.43005672801561995, -0.44472773676212285, 0.806102467748605, -0.5076435435687126, 0.6874556415695534, 1.0, 0.30606069308515294, 0.2794127879596144, -0.47469520801654363, 0.2786309868960176, -0.20406001166496923, 0.11600178439107466], [-0.3040744925386615, -0.09259397686486562, -0.4214202277718321, -0.45531812082454515, -0.42353089892210044, -0.37222441750258134, -0.35142170535975426, -0.4329798676834051, -0.435375158205535, 0.46381386656898455, -0.14918157309062696, 0.6897741648032442, 0.30606069308515294, 1.0, 0.05880957220402641, -0.10279028384066739, 0.3391227249470092, 0.5587852720987966, 0.6328623180474987], [-0.6888309709711518, -0.10957669158584597, -0.3519875208177294, -0.4181508701810284, -0.0054964608506715305, 0.02047354402236177, -0.10009076956007155, 0.027688534317323075, 0.023887429459793507, 0.37132537481377326, 0.03055351742713106, 0.25538837727209274, 0.2794127879596144, 0.05880957220402641, 1.0, 0.24725456263916534, 0.1068942318212144, 0.11318184407600333, -0.355209882991162], [-0.16287833164713159, 0.03716309810859311, 0.4271205552246999, 0.3298299368725477, 0.5641796523788186, 0.5974213352108899, 0.40380083448183957, 0.6139935484104011, 0.6142460169725669, -0.5335772983670871, 0.7636622787346887, -0.473392487205389, -0.47469520801654363, -0.10279028384066739, 0.24725456263916534, 1.0, -0.43639244171242614, 0.2725959448391525, -0.20867314374992055], [-0.3432035771270853, -0.12994299551839866, -0.6017775284152337, -0.6614707969091105, -0.6047951439531568, -0.6201050560116966, -0.5049630122103228, -0.7278446204163898, -0.7163114745529038, 0.6292088474455413, -0.7062708799190637, 0.5293320904224869, 0.2786309868960176, 0.3391227249470092, 0.1068942318212144, -0.43639244171242614, 1.0, -0.07760635277332889, 0.2536204699330455], [-0.09130905509654426, -0.13436021074850027, 0.05496795140271273, -0.06704269742672563, 0.14127155390898447, 0.18709678121714896, 0.16165141355656318, 0.07832947062595601, 0.0890456526415652, -0.12235467545683397, 0.408620031794291, 0.050044578305527276, -0.20406001166496923, 0.5587852720987966, 0.11318184407600333, 0.2725959448391525, -0.07760635277332889, 1.0, 0.35590215338362036], [0.04812465017270452, -0.296892708748036, -0.16623090011818273, -0.165341895373595, -0.3238807404361891, -0.2570628685248151, -0.20015008299539114, -0.3635934782699323, -0.3620466028466137, 0.21135914128520905, -0.08042211824266746, 0.40499767502431333, 0.11600178439107466, 0.6328623180474987, -0.355209882991162, -0.20867314374992055, 0.2536204699330455, 0.35590215338362036, 1.0]]}],\n",
              "                        {\"coloraxis\": {\"colorscale\": [[0.0, \"rgb(165,0,38)\"], [0.1, \"rgb(215,48,39)\"], [0.2, \"rgb(244,109,67)\"], [0.3, \"rgb(253,174,97)\"], [0.4, \"rgb(254,224,139)\"], [0.5, \"rgb(255,255,191)\"], [0.6, \"rgb(217,239,139)\"], [0.7, \"rgb(166,217,106)\"], [0.8, \"rgb(102,189,99)\"], [0.9, \"rgb(26,152,80)\"], [1.0, \"rgb(0,104,55)\"]]}, \"height\": 700, \"margin\": {\"t\": 60}, \"template\": {\"data\": {\"bar\": [{\"error_x\": {\"color\": \"#2a3f5f\"}, \"error_y\": {\"color\": \"#2a3f5f\"}, \"marker\": {\"line\": {\"color\": \"#E5ECF6\", \"width\": 0.5}}, \"type\": \"bar\"}], \"barpolar\": [{\"marker\": {\"line\": {\"color\": \"#E5ECF6\", \"width\": 0.5}}, \"type\": \"barpolar\"}], \"carpet\": [{\"aaxis\": {\"endlinecolor\": \"#2a3f5f\", \"gridcolor\": \"white\", \"linecolor\": \"white\", \"minorgridcolor\": \"white\", \"startlinecolor\": \"#2a3f5f\"}, \"baxis\": {\"endlinecolor\": \"#2a3f5f\", \"gridcolor\": \"white\", \"linecolor\": \"white\", \"minorgridcolor\": \"white\", \"startlinecolor\": \"#2a3f5f\"}, \"type\": \"carpet\"}], \"choropleth\": [{\"colorbar\": {\"outlinewidth\": 0, \"ticks\": \"\"}, \"type\": \"choropleth\"}], \"contour\": [{\"colorbar\": {\"outlinewidth\": 0, \"ticks\": \"\"}, \"colorscale\": [[0.0, \"#0d0887\"], [0.1111111111111111, \"#46039f\"], [0.2222222222222222, \"#7201a8\"], [0.3333333333333333, \"#9c179e\"], [0.4444444444444444, \"#bd3786\"], [0.5555555555555556, \"#d8576b\"], [0.6666666666666666, \"#ed7953\"], [0.7777777777777778, \"#fb9f3a\"], [0.8888888888888888, \"#fdca26\"], [1.0, \"#f0f921\"]], \"type\": \"contour\"}], \"contourcarpet\": [{\"colorbar\": {\"outlinewidth\": 0, \"ticks\": \"\"}, \"type\": \"contourcarpet\"}], \"heatmap\": [{\"colorbar\": {\"outlinewidth\": 0, \"ticks\": \"\"}, \"colorscale\": [[0.0, \"#0d0887\"], [0.1111111111111111, \"#46039f\"], [0.2222222222222222, \"#7201a8\"], [0.3333333333333333, \"#9c179e\"], [0.4444444444444444, \"#bd3786\"], [0.5555555555555556, \"#d8576b\"], [0.6666666666666666, \"#ed7953\"], [0.7777777777777778, \"#fb9f3a\"], [0.8888888888888888, \"#fdca26\"], [1.0, \"#f0f921\"]], \"type\": \"heatmap\"}], \"heatmapgl\": [{\"colorbar\": {\"outlinewidth\": 0, \"ticks\": \"\"}, \"colorscale\": [[0.0, \"#0d0887\"], [0.1111111111111111, \"#46039f\"], [0.2222222222222222, \"#7201a8\"], [0.3333333333333333, \"#9c179e\"], [0.4444444444444444, \"#bd3786\"], [0.5555555555555556, \"#d8576b\"], [0.6666666666666666, \"#ed7953\"], [0.7777777777777778, \"#fb9f3a\"], [0.8888888888888888, \"#fdca26\"], [1.0, \"#f0f921\"]], \"type\": \"heatmapgl\"}], \"histogram\": [{\"marker\": {\"colorbar\": {\"outlinewidth\": 0, \"ticks\": \"\"}}, \"type\": \"histogram\"}], \"histogram2d\": [{\"colorbar\": {\"outlinewidth\": 0, \"ticks\": \"\"}, \"colorscale\": [[0.0, \"#0d0887\"], [0.1111111111111111, \"#46039f\"], [0.2222222222222222, \"#7201a8\"], [0.3333333333333333, \"#9c179e\"], [0.4444444444444444, \"#bd3786\"], [0.5555555555555556, \"#d8576b\"], [0.6666666666666666, \"#ed7953\"], [0.7777777777777778, \"#fb9f3a\"], [0.8888888888888888, \"#fdca26\"], [1.0, \"#f0f921\"]], \"type\": \"histogram2d\"}], \"histogram2dcontour\": [{\"colorbar\": {\"outlinewidth\": 0, \"ticks\": \"\"}, \"colorscale\": [[0.0, \"#0d0887\"], [0.1111111111111111, \"#46039f\"], [0.2222222222222222, \"#7201a8\"], [0.3333333333333333, \"#9c179e\"], [0.4444444444444444, \"#bd3786\"], [0.5555555555555556, \"#d8576b\"], [0.6666666666666666, \"#ed7953\"], [0.7777777777777778, \"#fb9f3a\"], [0.8888888888888888, \"#fdca26\"], [1.0, \"#f0f921\"]], \"type\": \"histogram2dcontour\"}], \"mesh3d\": [{\"colorbar\": {\"outlinewidth\": 0, \"ticks\": \"\"}, \"type\": \"mesh3d\"}], \"parcoords\": [{\"line\": {\"colorbar\": {\"outlinewidth\": 0, \"ticks\": \"\"}}, \"type\": \"parcoords\"}], \"pie\": [{\"automargin\": true, \"type\": \"pie\"}], \"scatter\": [{\"marker\": {\"colorbar\": {\"outlinewidth\": 0, \"ticks\": \"\"}}, \"type\": \"scatter\"}], \"scatter3d\": [{\"line\": {\"colorbar\": {\"outlinewidth\": 0, \"ticks\": \"\"}}, \"marker\": {\"colorbar\": {\"outlinewidth\": 0, \"ticks\": \"\"}}, \"type\": \"scatter3d\"}], \"scattercarpet\": [{\"marker\": {\"colorbar\": {\"outlinewidth\": 0, \"ticks\": \"\"}}, \"type\": \"scattercarpet\"}], \"scattergeo\": [{\"marker\": {\"colorbar\": {\"outlinewidth\": 0, \"ticks\": \"\"}}, \"type\": \"scattergeo\"}], \"scattergl\": [{\"marker\": {\"colorbar\": {\"outlinewidth\": 0, \"ticks\": \"\"}}, \"type\": \"scattergl\"}], \"scattermapbox\": [{\"marker\": {\"colorbar\": {\"outlinewidth\": 0, \"ticks\": \"\"}}, \"type\": \"scattermapbox\"}], \"scatterpolar\": [{\"marker\": {\"colorbar\": {\"outlinewidth\": 0, \"ticks\": \"\"}}, \"type\": \"scatterpolar\"}], \"scatterpolargl\": [{\"marker\": {\"colorbar\": {\"outlinewidth\": 0, \"ticks\": \"\"}}, \"type\": \"scatterpolargl\"}], \"scatterternary\": [{\"marker\": {\"colorbar\": {\"outlinewidth\": 0, \"ticks\": \"\"}}, \"type\": \"scatterternary\"}], \"surface\": [{\"colorbar\": {\"outlinewidth\": 0, \"ticks\": \"\"}, \"colorscale\": [[0.0, \"#0d0887\"], [0.1111111111111111, \"#46039f\"], [0.2222222222222222, \"#7201a8\"], [0.3333333333333333, \"#9c179e\"], [0.4444444444444444, \"#bd3786\"], [0.5555555555555556, \"#d8576b\"], [0.6666666666666666, \"#ed7953\"], [0.7777777777777778, \"#fb9f3a\"], [0.8888888888888888, \"#fdca26\"], [1.0, \"#f0f921\"]], \"type\": \"surface\"}], \"table\": [{\"cells\": {\"fill\": {\"color\": \"#EBF0F8\"}, \"line\": {\"color\": \"white\"}}, \"header\": {\"fill\": {\"color\": \"#C8D4E3\"}, \"line\": {\"color\": \"white\"}}, \"type\": \"table\"}]}, \"layout\": {\"annotationdefaults\": {\"arrowcolor\": \"#2a3f5f\", \"arrowhead\": 0, \"arrowwidth\": 1}, \"coloraxis\": {\"colorbar\": {\"outlinewidth\": 0, \"ticks\": \"\"}}, \"colorscale\": {\"diverging\": [[0, \"#8e0152\"], [0.1, \"#c51b7d\"], [0.2, \"#de77ae\"], [0.3, \"#f1b6da\"], [0.4, \"#fde0ef\"], [0.5, \"#f7f7f7\"], [0.6, \"#e6f5d0\"], [0.7, \"#b8e186\"], [0.8, \"#7fbc41\"], [0.9, \"#4d9221\"], [1, \"#276419\"]], \"sequential\": [[0.0, \"#0d0887\"], [0.1111111111111111, \"#46039f\"], [0.2222222222222222, \"#7201a8\"], [0.3333333333333333, \"#9c179e\"], [0.4444444444444444, \"#bd3786\"], [0.5555555555555556, \"#d8576b\"], [0.6666666666666666, \"#ed7953\"], [0.7777777777777778, \"#fb9f3a\"], [0.8888888888888888, \"#fdca26\"], [1.0, \"#f0f921\"]], \"sequentialminus\": [[0.0, \"#0d0887\"], [0.1111111111111111, \"#46039f\"], [0.2222222222222222, \"#7201a8\"], [0.3333333333333333, \"#9c179e\"], [0.4444444444444444, \"#bd3786\"], [0.5555555555555556, \"#d8576b\"], [0.6666666666666666, \"#ed7953\"], [0.7777777777777778, \"#fb9f3a\"], [0.8888888888888888, \"#fdca26\"], [1.0, \"#f0f921\"]]}, \"colorway\": [\"#636efa\", \"#EF553B\", \"#00cc96\", \"#ab63fa\", \"#FFA15A\", \"#19d3f3\", \"#FF6692\", \"#B6E880\", \"#FF97FF\", \"#FECB52\"], \"font\": {\"color\": \"#2a3f5f\"}, \"geo\": {\"bgcolor\": \"white\", \"lakecolor\": \"white\", \"landcolor\": \"#E5ECF6\", \"showlakes\": true, \"showland\": true, \"subunitcolor\": \"white\"}, \"hoverlabel\": {\"align\": \"left\"}, \"hovermode\": \"closest\", \"mapbox\": {\"style\": \"light\"}, \"paper_bgcolor\": \"white\", \"plot_bgcolor\": \"#E5ECF6\", \"polar\": {\"angularaxis\": {\"gridcolor\": \"white\", \"linecolor\": \"white\", \"ticks\": \"\"}, \"bgcolor\": \"#E5ECF6\", \"radialaxis\": {\"gridcolor\": \"white\", \"linecolor\": \"white\", \"ticks\": \"\"}}, \"scene\": {\"xaxis\": {\"backgroundcolor\": \"#E5ECF6\", \"gridcolor\": \"white\", \"gridwidth\": 2, \"linecolor\": \"white\", \"showbackground\": true, \"ticks\": \"\", \"zerolinecolor\": \"white\"}, \"yaxis\": {\"backgroundcolor\": \"#E5ECF6\", \"gridcolor\": \"white\", \"gridwidth\": 2, \"linecolor\": \"white\", \"showbackground\": true, \"ticks\": \"\", \"zerolinecolor\": \"white\"}, \"zaxis\": {\"backgroundcolor\": \"#E5ECF6\", \"gridcolor\": \"white\", \"gridwidth\": 2, \"linecolor\": \"white\", \"showbackground\": true, \"ticks\": \"\", \"zerolinecolor\": \"white\"}}, \"shapedefaults\": {\"line\": {\"color\": \"#2a3f5f\"}}, \"ternary\": {\"aaxis\": {\"gridcolor\": \"white\", \"linecolor\": \"white\", \"ticks\": \"\"}, \"baxis\": {\"gridcolor\": \"white\", \"linecolor\": \"white\", \"ticks\": \"\"}, \"bgcolor\": \"#E5ECF6\", \"caxis\": {\"gridcolor\": \"white\", \"linecolor\": \"white\", \"ticks\": \"\"}}, \"title\": {\"x\": 0.05}, \"xaxis\": {\"automargin\": true, \"gridcolor\": \"white\", \"linecolor\": \"white\", \"ticks\": \"\", \"title\": {\"standoff\": 15}, \"zerolinecolor\": \"white\", \"zerolinewidth\": 2}, \"yaxis\": {\"automargin\": true, \"gridcolor\": \"white\", \"linecolor\": \"white\", \"ticks\": \"\", \"title\": {\"standoff\": 15}, \"zerolinecolor\": \"white\", \"zerolinewidth\": 2}}}, \"width\": 700, \"xaxis\": {\"constrain\": \"domain\", \"scaleanchor\": \"y\"}, \"yaxis\": {\"autorange\": \"reversed\", \"constrain\": \"domain\"}},\n",
              "                        {\"responsive\": true}\n",
              "                    ).then(function(){\n",
              "                            \n",
              "var gd = document.getElementById('bd33d106-4b86-4750-90af-63470e4100a4');\n",
              "var x = new MutationObserver(function (mutations, observer) {{\n",
              "        var display = window.getComputedStyle(gd).display;\n",
              "        if (!display || display === 'none') {{\n",
              "            console.log([gd, 'removed!']);\n",
              "            Plotly.purge(gd);\n",
              "            observer.disconnect();\n",
              "        }}\n",
              "}});\n",
              "\n",
              "// Listen for the removal of the full notebook cells\n",
              "var notebookContainer = gd.closest('#notebook-container');\n",
              "if (notebookContainer) {{\n",
              "    x.observe(notebookContainer, {childList: true});\n",
              "}}\n",
              "\n",
              "// Listen for the clearing of the current output cell\n",
              "var outputEl = gd.closest('.output');\n",
              "if (outputEl) {{\n",
              "    x.observe(outputEl, {childList: true});\n",
              "}}\n",
              "\n",
              "                        })\n",
              "                };\n",
              "                \n",
              "            </script>\n",
              "        </div>\n",
              "</body>\n",
              "</html>"
            ]
          },
          "metadata": {
            "tags": []
          }
        }
      ]
    },
    {
      "cell_type": "code",
      "metadata": {
        "id": "sUl_4KYFiqS6"
      },
      "source": [
        "rolling_corr_df = df.rolling(12*3).corr().dropna().reset_index()\n",
        "rolling_corr_df = rolling_corr_df[rolling_corr_df[\"level_1\"] == dep_var]\n",
        "rolling_corr_df = rolling_corr_df.drop(columns=[dep_var, \"level_1\"]).set_index(\"Date\")\n"
      ],
      "execution_count": null,
      "outputs": []
    },
    {
      "cell_type": "code",
      "metadata": {
        "colab": {
          "base_uri": "https://localhost:8080/",
          "height": 542
        },
        "id": "kSfJSagtjCiA",
        "outputId": "0de0350d-05c9-4fd4-cf4c-35829fd9ff17"
      },
      "source": [
        "#@title Real GDP Correlation\n",
        "fig = rolling_corr_df[[\"US Real GDP\", \"US Real GDP Quantity Residenti\"]].plot(backend=\"plotly\", title=\"GDP Correlation\")\n",
        "fig.update_yaxes(title_text='Correlation')\n",
        "fig.show()"
      ],
      "execution_count": null,
      "outputs": [
        {
          "output_type": "display_data",
          "data": {
            "text/html": [
              "<html>\n",
              "<head><meta charset=\"utf-8\" /></head>\n",
              "<body>\n",
              "    <div>\n",
              "            <script src=\"https://cdnjs.cloudflare.com/ajax/libs/mathjax/2.7.5/MathJax.js?config=TeX-AMS-MML_SVG\"></script><script type=\"text/javascript\">if (window.MathJax) {MathJax.Hub.Config({SVG: {font: \"STIX-Web\"}});}</script>\n",
              "                <script type=\"text/javascript\">window.PlotlyConfig = {MathJaxConfig: 'local'};</script>\n",
              "        <script src=\"https://cdn.plot.ly/plotly-latest.min.js\"></script>    \n",
              "            <div id=\"42e0c79c-9d26-4630-84a2-01903a982f0f\" class=\"plotly-graph-div\" style=\"height:525px; width:100%;\"></div>\n",
              "            <script type=\"text/javascript\">\n",
              "                \n",
              "                    window.PLOTLYENV=window.PLOTLYENV || {};\n",
              "                    \n",
              "                if (document.getElementById(\"42e0c79c-9d26-4630-84a2-01903a982f0f\")) {\n",
              "                    Plotly.newPlot(\n",
              "                        '42e0c79c-9d26-4630-84a2-01903a982f0f',\n",
